"p_val","avg_log2FC","pct.1","pct.2","p_val_adj"
"GNLY",0,3.68842029072262,0.982,0.304,0
"NKG7",0,3.19137922979552,0.999,0.35,0
"GZMB",0,2.82760200308208,0.955,0.128,0
"PRF1",0,2.75757246636751,0.974,0.142,0
"FGFBP2",0,2.58289445073992,0.883,0.111,0
"GZMA",0,2.47623072163622,0.98,0.216,0
"KLRD1",0,2.41122293099222,0.983,0.132,0
"CST7",0,2.3828636885427,0.983,0.211,0
"SPON2",0,2.2952318951671,0.816,0.07,0
"KLRF1",0,2.25333292689695,0.929,0.047,0
"CTSW",0,2.0864930407477,0.943,0.205,0
"CD247",0,2.01650130390866,0.956,0.332,0
"CCL5",0,1.85926241223679,0.893,0.395,0
"CLIC3",0,1.85820799077566,0.765,0.075,0
"HOPX",0,1.79924755642156,0.86,0.156,0
"GZMH",0,1.70922298599447,0.802,0.122,0
"IL2RB",0,1.69818690535502,0.809,0.093,0
"KLRB1",0,1.6784638189582,0.836,0.223,0
"TRDC",0,1.60287245334692,0.777,0.055,0
"CD7",0,1.59698266112668,0.909,0.351,0
"GZMM",0,1.53263068708653,0.902,0.305,0
"MYOM2",0,1.47844047912127,0.317,0.022,0
"FCGR3A",0,1.45131927275603,0.88,0.16,0
"ARL4C",0,1.44237420786455,0.99,0.649,0
"ABHD17A",0,1.41890387187567,0.926,0.499,0
"SYNE2",0,1.41827902816454,0.886,0.417,0
"CMC1",0,1.40450433939401,0.633,0.195,0
"EFHD2",0,1.34422964114424,0.969,0.572,0
"ADGRG1",0,1.34249320621949,0.706,0.064,0
"JAK1",0,1.33078544021592,0.97,0.765,0
"SYNE1",0,1.31293786117824,0.813,0.303,0
"PYHIN1",0,1.27437326218275,0.77,0.182,0
"RUNX3",0,1.23831402529155,0.846,0.348,0
"KLRC1",0,1.21169842190821,0.405,0.027,0
"SAMD3",0,1.16912466310251,0.768,0.191,0
"HCST",0,1.16898588104534,0.991,0.826,0
"MYBL1",0,1.16878414667306,0.714,0.166,0
"IFITM2",0,1.15977650402666,0.986,0.816,0
"GNPTAB",0,1.14666617930907,0.725,0.257,0
"PTGDS",0,1.13695455550067,0.156,0.022,0
"MATK",0,1.11706681329951,0.688,0.109,0
"CEP78",0,1.10170064469277,0.637,0.127,0
"CX3CR1",0,1.08716235157046,0.633,0.199,0
"CALM1",0,1.07304543639621,1,0.953,0
"RARRES3",0,1.06201678496003,0.883,0.521,0
"PLAC8",0,1.05731623729275,0.928,0.62,0
"S1PR5",0,1.02031105457034,0.602,0.054,0
"SEPT7",0,0.991604176766744,0.977,0.826,0
"RNF213",0,0.974365368725903,0.958,0.778,0
"UBB",0,0.963991014372688,0.979,0.859,0
"LITAF",0,0.961806565143038,0.852,0.526,0
"UTRN",0,0.941969137815141,0.871,0.622,0
"TXK",0,0.932787784203214,0.646,0.17,0
"HLA-C",0,0.926494545575907,1,0.999,0
"AKR1C3",0,0.915415502154312,0.454,0.025,0
"XCL2",0,0.915323441751643,0.394,0.032,0
"APMAP",0,0.911199285800138,0.647,0.167,0
"MBP",0,0.909942401609246,0.838,0.533,0
"IGFBP7",0,0.907140579451071,0.511,0.109,0
"C1orf21",0,0.907111111415523,0.582,0.066,0
"ID2",0,0.903615466388173,0.918,0.587,0
"RAP1B",0,0.879607185416955,0.965,0.784,0
"PTPN4",0,0.87911459252375,0.678,0.254,0
"APOBEC3G",0,0.867273717577421,0.667,0.262,0
"PFN1",0,0.863149181510329,0.999,0.976,0
"CD63",0,0.843937558449537,0.872,0.551,0
"C12orf75",0,0.840852214517696,0.679,0.224,0
"SYTL3",0,0.830999717921405,0.58,0.161,0
"ITGAL",0,0.828487501246145,0.765,0.425,0
"PDIA3",0,0.822242883562177,0.842,0.62,0
"PRSS23",0,0.818560097596368,0.477,0.037,0
"KLRC2",0,0.81210165426606,0.276,0.03,0
"TBX21",0,0.807853975695797,0.527,0.06,0
"CD160",0,0.806588560546686,0.381,0.026,0
"IL2RG",0,0.80465563227749,0.807,0.461,0
"PIP4K2A",0,0.803226796793725,0.764,0.441,0
"BIN2",0,0.797264750590031,0.868,0.619,0
"MACF1",0,0.796327494415206,0.767,0.519,0
"CHST12",0,0.793347827485688,0.598,0.155,0
"RAC2",0,0.790585953799002,0.927,0.773,0
"DIP2A",0,0.782391486753795,0.602,0.273,0
"PTPN12",0,0.781895214380064,0.643,0.281,0
"TFDP2",0,0.777050266540729,0.57,0.163,0
"NCR3",0,0.772114547184927,0.525,0.098,0
"HLA-A",0,0.771814810415141,1,0.999,0
"PTGDR",0,0.762585725147844,0.475,0.044,0
"ARPC5L",0,0.762098892061864,0.662,0.306,0
"CD99",0,0.76187336631901,0.869,0.613,0
"HIST1H1E",0,0.757056688220406,0.703,0.522,0
"HIST1H1D",0,0.755229821879944,0.664,0.477,0
"CD81",0,0.75489217127877,0.798,0.476,0
"ZAP70",0,0.748382049325713,0.603,0.196,0
"EVL",0,0.746187362812801,0.887,0.607,0
"TGFBR3",0,0.745702847356314,0.499,0.08,0
"MYL12A",0,0.742378212750196,0.997,0.973,0
"CLEC2B",0,0.73767657517693,0.777,0.516,0
"PRMT2",0,0.737059693347543,0.815,0.581,0
"GNG2",0,0.736207187330559,0.622,0.307,0
"TTC38",0,0.722712800096845,0.467,0.054,0
"PRKCH",0,0.720953223096462,0.612,0.235,0
"DBI",0,0.719413537934517,0.852,0.668,0
"CALR",0,0.7162277229255,0.776,0.608,0
"CYBA",0,0.713769913835649,0.998,0.948,0
"AES",0,0.712595447166049,0.968,0.776,0
"PPP2R5C",0,0.70953002387614,0.837,0.6,0
"HLA-E",0,0.708801268883508,1,0.99,0
"CHST2",0,0.704137649833895,0.449,0.086,0
"PIK3R1",0,0.701844581169594,0.731,0.508,0
"MSN",0,0.699161968372191,0.94,0.795,0
"ARPC2",0,0.693142015439673,0.992,0.941,0
"SH2D1B",0,0.691382934601001,0.416,0.011,0
"SKAP1",0,0.684802533129752,0.686,0.332,0
"BTN3A2",0,0.683777628421606,0.711,0.441,0
"SPN",0,0.680896840688777,0.694,0.4,0
"SUN2",0,0.679377505230613,0.739,0.462,0
"B2M",0,0.6671378565634,1,1,0
"FYN",0,0.666144976035198,0.778,0.54,0
"CFL1",0,0.66448928815692,0.997,0.976,0
"NCAM1",0,0.664010417842055,0.385,0.014,0
"TPST2",0,0.66139574428225,0.587,0.225,0
"DSTN",0,0.660031991082625,0.692,0.437,0
"NCL",0,0.659905420813422,0.959,0.873,0
"DDIT4",0,0.654265297021717,0.712,0.459,0
"RORA",0,0.653873695161531,0.682,0.315,0
"SLC9A3R1",0,0.649990328664318,0.658,0.37,0
"ACTN4",0,0.640173030031272,0.676,0.385,0
"NDUFB2",0,0.638058513883587,0.816,0.655,0
"CTSC",0,0.634845700088676,0.744,0.465,0
"LY6E",0,0.632627961961596,0.827,0.62,0
"DHRS7",0,0.627931841288228,0.666,0.398,0
"SLFN5",0,0.62585369327141,0.688,0.438,0
"RHOC",0,0.624024464400744,0.551,0.17,0
"RBM39",0,0.622518204231038,0.95,0.882,0
"ETS1",0,0.621806446295138,0.887,0.587,0
"ATM",0,0.620697164457882,0.836,0.64,0
"CCND3",0,0.612091672936326,0.762,0.544,0
"STK17A",0,0.610458390391461,0.736,0.454,0
"GPR65",0,0.610417821521955,0.589,0.304,0
"ARAP2",0,0.608201516067321,0.575,0.279,0
"YWHAZ",0,0.607780128991574,0.955,0.873,0
"HLA-B",0,0.60743069017626,1,0.999,0
"IGF2R",0,0.605362529767957,0.526,0.237,0
"OSTF1",0,0.604534166439221,0.705,0.473,0
"MCTP2",0,0.604138649860852,0.441,0.093,0
"SLAMF7",0,0.5976077486928,0.451,0.103,0
"FCRL6",0,0.59554966830646,0.389,0.05,0
"CLIC1",0,0.594899714764638,0.962,0.793,0
"AKNA",0,0.587000208118266,0.679,0.451,0
"PTPRC",0,0.586227182740708,0.999,0.99,0
"C1orf56",0,0.583220484358432,0.66,0.479,0
"ALOX5AP",0,0.578911136585756,0.532,0.283,0
"CD2",0,0.574780461987974,0.652,0.462,0
"HLA-F",0,0.574308636395998,0.875,0.741,0
"CD38",0,0.572298823684256,0.348,0.058,0
"IQGAP2",0,0.570153095063042,0.713,0.483,0
"ITGB2",0,0.568702340511994,0.937,0.691,0
"PSME1",0,0.566571750428832,0.927,0.833,0
"PAXX",0,0.564786118765087,0.654,0.404,0
"CD300A",0,0.564223924023232,0.511,0.214,0
"METRNL",0,0.563914031558654,0.547,0.286,0
"HIST1H4C",0,0.563103317452826,0.586,0.442,0
"AREG",0,0.560899645479181,0.241,0.074,0
"FAM49B",0,0.560229464237573,0.767,0.583,0
"STAT4",0,0.55933321720319,0.464,0.147,0
"ANXA6",0,0.557615987075007,0.645,0.402,0
"OPTN",0,0.55517968285136,0.57,0.269,0
"AKAP13",0,0.543708683754611,0.854,0.735,0
"CDC42SE1",0,0.542465433817148,0.74,0.577,0
"HSPA5",0,0.539265650991098,0.648,0.48,0
"LAIR2",0,0.536154095125799,0.212,0.02,0
"HSP90B1",0,0.535602699121535,0.846,0.71,0
"HMGB1",0,0.535033442290449,0.995,0.979,0
"TRGC1",0,0.533977229585616,0.43,0.07,0
"SH2D2A",0,0.532636582986065,0.381,0.076,0
"NDUFB7",0,0.530029971877004,0.733,0.557,0
"HSH2D",0,0.525645565205971,0.438,0.158,0
"CD47",0,0.524919743998292,0.704,0.509,0
"PRDM1",0,0.524332117395679,0.488,0.226,0
"MYL12B",0,0.517852609533576,0.964,0.902,0
"CXXC5",0,0.51752222720111,0.474,0.187,0
"TCF25",0,0.515211226571206,0.839,0.723,0
"GK5",0,0.514333147924996,0.397,0.122,0
"HSP90AA1",0,0.513876670490876,0.982,0.941,0
"PPP1R12A",0,0.511642111204499,0.7,0.536,0
"DDX6",0,0.511607412582174,0.717,0.539,0
"TGFB1",0,0.510334715967191,0.768,0.566,0
"PSMB9",0,0.509036641153371,0.805,0.654,0
"PPIB",0,0.508373228440211,0.863,0.756,0
"TBC1D10C",0,0.507964647385423,0.652,0.424,0
"RNF125",0,0.507611962051572,0.548,0.302,0
"HIPK2",0,0.507413562524496,0.459,0.222,0
"XBP1",0,0.507042912285911,0.648,0.431,0
"ATP2B4",0,0.502619186619065,0.474,0.207,0
"STOM",0,0.501557791061023,0.477,0.178,0
"HIST1H1C",0,0.500626974698381,0.576,0.418,0
"FLNA",0,0.498425711183231,0.843,0.663,0
"MYO1F",0,0.497837882581185,0.823,0.54,0
"ADGRE5",0,0.497584178189689,0.661,0.442,0
"IFITM1",0,0.491091437949951,0.456,0.182,0
"NCR1",0,0.491069926710976,0.318,0.011,0
"PPIA",0,0.491006997010587,0.98,0.945,0
"STK10",0,0.488032542857201,0.641,0.462,0
"LCP1",0,0.487708031955469,0.97,0.865,0
"DENND2D",0,0.482319121938618,0.464,0.213,0
"NFATC2",0,0.481884430420176,0.397,0.125,0
"GBP5",0,0.477807783527011,0.477,0.213,0
"MAP3K8",0,0.477597753843654,0.569,0.307,0
"CTBP2",0,0.477061089747785,0.44,0.186,0
"PTPRA",0,0.476707620155249,0.582,0.387,0
"YPEL1",0,0.476704592718981,0.347,0.06,0
"USP28",0,0.475795199772238,0.39,0.115,0
"WIPF1",0,0.475647637961014,0.709,0.546,0
"EIF3G",0,0.474572096255597,0.824,0.765,0
"CD226",0,0.467469279826994,0.433,0.162,0
"BPTF",0,0.467370223610048,0.777,0.664,0
"ACTG1",0,0.467217220195196,0.992,0.975,0
"TES",0,0.467100374095664,0.593,0.397,0
"BZW1",0,0.466481058992724,0.707,0.555,0
"APOBEC3C",0,0.466450385387226,0.515,0.299,0
"CNOT6L",0,0.465930026258895,0.601,0.412,0
"PRKACB",0,0.465046289751636,0.52,0.286,0
"PTPN22",0,0.464471534945186,0.463,0.202,0
"PPP1CA",0,0.463946024328054,0.75,0.612,0
"NUCKS1",0,0.463206819416607,0.763,0.639,0
"STMN1",1.56015959240192e-05,0.46147078729321,0.179,0.172,0.323405481908994
"DGKZ",0,0.460550517484745,0.619,0.415,0
"IL18RAP",0,0.459832141011472,0.286,0.019,0
"GUK1",0,0.459435862872566,0.811,0.684,0
"TNFRSF18",0,0.459345688225749,0.245,0.031,0
"DOK2",0,0.458731102811542,0.624,0.401,0
"IKZF3",0,0.458250529171734,0.544,0.305,0
"SSBP3",0,0.457890609358397,0.47,0.233,0
"IFI16",0,0.45434436515246,0.76,0.635,0
"SYTL2",0,0.453209639236745,0.347,0.092,0
"TLN1",0,0.453030249296976,0.897,0.743,0
"CAST",0,0.452850955505428,0.915,0.789,0
"DIAPH1",0,0.452158701462998,0.653,0.482,0
"TRBC1",0,0.451720758348656,0.652,0.35,0
"SET",0,0.449796184980428,0.926,0.871,0
"ATRX",0,0.449392058488963,0.805,0.712,0
"STK4",0,0.44848246743603,0.883,0.786,0
"SLFN13",0,0.447890458484173,0.319,0.059,0
"LNPEP",0,0.447490529106295,0.61,0.442,0
"PTPN7",0,0.446075359201488,0.434,0.191,0
"RAB29",0,0.445862273656586,0.47,0.237,0
"SLFN12L",0,0.445761732353152,0.397,0.135,0
"MLLT6",0,0.443928862767615,0.549,0.327,0
"F2R",0,0.443302865460323,0.313,0.048,0
"CCDC88C",0,0.44235714980145,0.56,0.356,0
"AC004687.1",0,0.440808151867842,0.628,0.479,0
"IRF1",0,0.439248201340354,0.851,0.621,0
"CASP8",0,0.438582664473635,0.55,0.356,0
"SAMD9",0,0.438189023936318,0.549,0.363,0
"CD164",0,0.437292224495015,0.676,0.528,0
"ASCL2",0,0.437261397323164,0.329,0.123,0
"CD53",0,0.434524281269182,0.793,0.685,0
"IQGAP1",0,0.434260674492288,0.844,0.679,0
"TRAPPC10",0,0.433430176617675,0.508,0.297,0
"PRPF38B",0,0.427169503229878,0.72,0.605,0
"TAPBP",0,0.425929131519384,0.753,0.638,0
"SIGIRR",0,0.425390077407816,0.568,0.37,0
"AC245297.3",0,0.424809058305805,0.551,0.351,0
"GIMAP7",0,0.423540174351795,0.794,0.602,0
"PLEKHF1",0,0.423399680180052,0.304,0.045,0
"APOL6",0,0.423292436160614,0.522,0.321,0
"UBC",0,0.42284932298529,0.992,0.976,0
"ANKRD11",0,0.420671008431227,0.778,0.69,0
"PRRC2C",0,0.42021165430402,0.915,0.867,0
"DDX5",0,0.416863359600434,0.999,0.996,0
"HNRNPA3",0,0.416138611783626,0.903,0.856,0
"CEMIP2",0,0.41418435380188,0.4,0.226,0
"HNRNPA2B1",0,0.413411351106571,0.986,0.966,0
"GOLGA4",0,0.41214410227286,0.639,0.523,0
"PRPF4B",0,0.411842297630157,0.751,0.647,0
"PCSK7",0,0.407361495506547,0.607,0.451,0
"IL32",0,0.405852503016524,0.736,0.597,0
"SERBP1",0,0.404626397339038,0.849,0.789,0
"CBLB",0,0.403731039884901,0.396,0.175,0
"YWHAQ",0,0.402746635601557,0.579,0.402,0
"HSPA8",0,0.400389454288098,0.841,0.748,0
"PSME2",0,0.399981201988596,0.767,0.648,0
"CDKN2D",0,0.399769354227318,0.655,0.479,0
"IDI1",0,0.398222627366985,0.484,0.298,0
"VAV3",0,0.397613607184042,0.396,0.18,0
"CCND2",0,0.397529401112191,0.443,0.249,0
"SRPK2",0,0.396891471128562,0.536,0.352,0
"UCP2",0,0.396310180515197,0.739,0.636,0
"TSEN54",0,0.395604604323386,0.362,0.115,0
"TIGIT",0,0.395552532851834,0.289,0.066,0
"RASSF1",0,0.394528778914009,0.422,0.197,0
"SELPLG",0,0.392673358193313,0.564,0.394,0
"CDC42",0,0.391504465508341,0.958,0.921,0
"RHOBTB3",0,0.391116826263291,0.249,0.017,0
"LYAR",0,0.389145938301505,0.549,0.321,0
"SYTL1",0,0.38886195325456,0.487,0.281,0
"DNAJC1",0,0.388249250022085,0.448,0.249,0
"PLA2G16",0,0.388077825138546,0.366,0.126,0
"LCK",0,0.387524339927985,0.605,0.38,0
"PLEKHA1",0,0.387035425672276,0.438,0.224,0
"DNAJC8",0,0.386843671075898,0.692,0.59,0
"ARGLU1",0,0.386688381076249,0.872,0.807,0
"PPP1R18",0,0.38654720485643,0.579,0.418,0
"LPCAT1",0,0.384894829519317,0.373,0.154,0
"AAK1",0,0.383873265822984,0.75,0.576,0
"CIRBP",0,0.383405521543422,0.901,0.807,0
"UBE2F",0,0.383322980099921,0.428,0.228,0
"FKBP11",0,0.382832960824149,0.432,0.211,0
"LLGL2",0,0.382186176588484,0.308,0.063,0
"ADD1",0,0.381305709797824,0.536,0.367,0
"SH3BP5",0,0.380360595698124,0.534,0.336,0
"ARF6",0,0.379829957648553,0.654,0.529,0
"ARID4B",0,0.379527849430227,0.724,0.632,0
"SRP14",0,0.378338876497438,0.978,0.955,0
"BRD7",0,0.376713417686446,0.601,0.476,0
"RSRP1",0,0.3751921747916,0.77,0.682,0
"XCL1",0,0.373344657128052,0.14,0.013,0
"HDDC2",0,0.370695912846728,0.423,0.226,0
"SORL1",0,0.367742770297776,0.617,0.479,0
"SNRPB",0,0.366626430979792,0.682,0.59,0
"CCDC85B",0,0.366412918586187,0.656,0.523,0
"ARHGAP9",0,0.366096909612483,0.464,0.302,0
"GSAP",0,0.365669773961084,0.38,0.194,0
"FAM107B",0,0.365647737447553,0.792,0.658,0
"ATP5IF1",0,0.36526961078768,0.756,0.677,0
"H3F3B",0,0.364288144023309,0.999,0.995,0
"CYTH1",0,0.363103513958074,0.656,0.535,0
"IDS",0,0.362809670851828,0.553,0.412,0
"SCP2",0,0.362391247046279,0.585,0.449,0
"KMT2E",0,0.361929881046883,0.751,0.669,0
"CYFIP2",0,0.360332948457965,0.52,0.338,0
"FCER1G",0,0.359938144362089,0.863,0.464,0
"POLR3GL",0,0.358632569101558,0.514,0.353,0
"MYL6",0,0.358197662857734,0.995,0.972,0
"CFLAR",0,0.357809750351836,0.756,0.616,0
"BST2",0,0.357653830203553,0.662,0.538,0
"ZBTB16",0,0.357110391763313,0.268,0.061,0
"ZNF600",0,0.356511443089319,0.284,0.07,0
"SH2D1A",0,0.356114713794289,0.342,0.139,0
"THRAP3",0,0.355160931647888,0.699,0.604,0
"DEK",0,0.354823027104827,0.789,0.742,0
"HELZ",0,0.354768676830064,0.515,0.369,0
"CHD9",0,0.35366524372122,0.514,0.359,0
"GTF3C1",0,0.353155643602771,0.337,0.148,0
"ABI3",0,0.352904728897875,0.4,0.185,0
"LINC01871",0,0.352865188107024,0.339,0.152,0
"PRR5",0,0.352488821685778,0.339,0.125,0
"CD96",0,0.351892427629048,0.453,0.248,0
"PREX1",0,0.35139685162739,0.523,0.384,0
"BIN1",0,0.351234716217901,0.544,0.36,0
"EOMES",0,0.351085172666854,0.25,0.04,0
"NFATC3",0,0.350930498102952,0.48,0.31,0
"ARHGEF3",0,0.350832871038649,0.406,0.222,0
"GPATCH8",0,0.349954900291308,0.5,0.354,0
"PRR5L",0,0.349596058605174,0.266,0.054,0
"SDF4",0,0.349341956888124,0.462,0.294,0
"DTHD1",0,0.349284235189982,0.213,0.017,0
"PPP2R2B",0,0.348979697289197,0.263,0.045,0
"SIPA1",0,0.347709228137881,0.477,0.317,0
"RAB8B",0,0.347690825675377,0.495,0.338,0
"ITGB7",0,0.347642601874726,0.398,0.213,0
"DUSP2",0,0.346441271350885,0.597,0.436,0
"PSMB8",0,0.346323030722186,0.722,0.645,0
"GTF3A",0,0.346296629017139,0.755,0.667,0
"NMUR1",0,0.346124041433346,0.225,0.01,0
"PNN",0,0.346061930466793,0.802,0.739,0
"ITGB1",0,0.344967587671886,0.774,0.569,0
"TAOK3",0,0.343536258860439,0.666,0.568,0
"MT-ND5",0,0.342303319090074,0.999,0.997,0
"ARHGAP30",0,0.342214030451676,0.669,0.583,0
"HNRNPDL",0,0.342053721077995,0.895,0.853,0
"TPM3",0,0.341862718694882,0.96,0.909,0
"DNMT1",0,0.341120719570736,0.476,0.353,0
"HMGN3",0,0.340021029105893,0.571,0.439,0
"CHCHD2",0,0.339799728747458,0.927,0.892,0
"PRDX5",0,0.339537074976753,0.614,0.512,0
"ZNF276",0,0.33928735362337,0.407,0.228,0
"KDM5A",0,0.338376942081582,0.55,0.437,0
"FUS",0,0.337308370848667,0.824,0.769,0
"SON",0,0.336971858859755,0.928,0.904,0
"POLR2L",0,0.335813796914009,0.697,0.618,0
"GCHFR",0,0.334938578142541,0.307,0.165,0
"RASAL3",0,0.33482070935463,0.444,0.262,0
"NCOR1",0,0.333431575205482,0.657,0.572,0
"TRAF3IP3",0,0.332424557771597,0.782,0.684,0
"ZBTB44",0,0.332283891004102,0.44,0.29,0
"MAPK1",0,0.332011324014494,0.508,0.354,0
"RASA2",0,0.330593375531385,0.459,0.298,0
"RNF19A",0,0.330423658743738,0.498,0.35,0
"SP100",0,0.330327303642231,0.735,0.655,0
"MAPRE2",0,0.329744807866677,0.384,0.201,0
"PXN",0,0.329612708941219,0.403,0.225,0
"EBP",0,0.329043064297682,0.343,0.159,0
"KAT6B",0,0.3278234424714,0.422,0.273,0
"MIB2",0,0.327795209789737,0.319,0.139,0
"BTN3A1",0,0.327112174916711,0.38,0.21,0
"STK26",0,0.326915298300118,0.394,0.217,0
"RAB37",0,0.326852052901645,0.339,0.152,0
"ACTR3",0,0.326814320773376,0.782,0.735,0
"SPCS2",0,0.326810052309436,0.648,0.545,0
"STARD3NL",0,0.325494999621998,0.307,0.142,0
"SF3B2",0,0.325487375232142,0.676,0.589,0
"PDIA6",0,0.325209473227755,0.544,0.426,0
"NCALD",0,0.324626332268166,0.248,0.046,0
"DRAP1",0,0.323634306924842,0.727,0.613,0
"TNIK",0,0.322918747569423,0.348,0.156,0
"PILRB",0,0.322429457531173,0.324,0.145,0
"CREM",0,0.322227878501434,0.294,0.136,0
"CCSER2",0,0.321236436553108,0.471,0.307,0
"CDK2AP2",0,0.320238835974708,0.397,0.242,0
"ADD3",0,0.319444463137248,0.693,0.597,0
"HAVCR2",0,0.319442246287011,0.274,0.102,0
"PARK7",0,0.318775006980255,0.787,0.719,0
"RRBP1",0,0.317908819674197,0.451,0.295,0
"NCOA1",0,0.317425364809832,0.437,0.288,0
"PARP8",0,0.316480051571048,0.489,0.344,0
"SUPT16H",0,0.315977904168128,0.5,0.383,0
"CISD3",0,0.314105746675941,0.355,0.188,0
"LINC02384",0,0.313218767239255,0.229,0.037,0
"UBL5",0,0.311775069826986,0.854,0.811,0
"AUTS2",0,0.310635209179068,0.249,0.067,0
"INPP5D",0,0.310426496938446,0.476,0.335,0
"ADAM8",0,0.309283323748601,0.365,0.191,0
"ITGA4",0,0.307983913101639,0.658,0.55,0
"MLC1",0,0.307935702446592,0.204,0.013,0
"KANSL1",0,0.307524607233692,0.588,0.48,0
"XRCC5",0,0.307463719553087,0.77,0.728,0
"PLCG2",2.70736663266519e-265,0.306856304543376,0.474,0.372,5.61210029285167e-261
"GFOD1",0,0.306186503575123,0.231,0.05,0
"SLC38A1",0,0.305835224738891,0.516,0.347,0
"DDX46",0,0.305203123777325,0.702,0.642,0
"SRRM1",0,0.303938523065462,0.858,0.821,0
"HP1BP3",0,0.303816876753062,0.719,0.657,0
"TMA7",0,0.303403532147172,0.969,0.949,0
"RGS9",0,0.302379066856483,0.201,0.024,0
"COL6A2",0,0.302349953739457,0.168,0.036,0
"KIAA1551",0,0.301812986501494,0.726,0.636,0
"PLEKHG3",0,0.301257394532627,0.256,0.069,0
"RBM8A",0,0.300193706432984,0.592,0.494,0
"SH3KBP1",1.16038023199883e-302,0.299350853681703,0.654,0.579,2.40535218291038e-298
"ZBTB38",0,0.299307447090602,0.384,0.244,0
"FUT11",0,0.299106635124038,0.267,0.093,0
"CORO1A",0,0.298894741083498,0.936,0.916,0
"ITGAM",0,0.298800760258385,0.441,0.241,0
"CD320",0,0.298027126416212,0.267,0.103,0
"PLEK",0,0.297305907961624,0.884,0.534,0
"TERF2IP",0,0.296696261802448,0.589,0.478,0
"AOAH",0,0.296385068542096,0.491,0.314,0
"C9orf16",0,0.296175376126909,0.69,0.599,0
"RASA3",0,0.29616433254868,0.416,0.264,0
"ANKRD36C",0,0.294546320244953,0.374,0.225,0
"SELENOW",0,0.293889225560764,0.601,0.493,0
"SRSF11",0,0.293384682111886,0.731,0.674,0
"MRPS6",0,0.293198465610341,0.438,0.304,0
"MPHOSPH8",0,0.29255478344252,0.702,0.616,0
"STK38",0,0.292364716189526,0.469,0.35,0
"HMOX2",0,0.291737148550489,0.393,0.231,0
"ARL6IP5",0,0.291711499783358,0.857,0.814,0
"NUB1",4.25474175029367e-302,0.291183989322059,0.517,0.409,8.81965417418376e-298
"TOX",0,0.290935109664783,0.218,0.041,0
"COX6C",0,0.290628598363296,0.895,0.858,0
"TERF1",0,0.290056126140264,0.366,0.217,0
"KLHDC4",0,0.289720083949658,0.293,0.122,0
"ZBP1",0,0.289171112000288,0.281,0.107,0
"ARHGDIB",0,0.28902097735007,0.979,0.968,0
"C9orf78",0,0.289000544976881,0.656,0.575,0
"SUB1",0,0.288659148914816,0.908,0.877,0
"MMP23B",0,0.288643167833057,0.205,0.019,0
"VPS4B",0,0.288481067024198,0.517,0.404,0
"GAB3",0,0.288004101067672,0.328,0.168,0
"RHOF",0,0.287652968467031,0.436,0.286,0
"HIST2H2AC",2.89979950902929e-163,0.287530526429305,0.451,0.377,6.01099440226682e-159
"ARHGEF1",2.60422251627847e-291,0.287513722974339,0.603,0.517,5.39829285399364e-287
"ARPC4",0,0.287503984038243,0.674,0.587,0
"SEPT6",0,0.286724472024382,0.695,0.578,0
"KIAA2026",0,0.285734167209565,0.462,0.345,0
"SRRM2",0,0.284023471425318,0.908,0.88,0
"YES1",0,0.283789398466103,0.196,0.03,0
"SDF2L1",0,0.283237481167364,0.373,0.247,0
"RFC1",1.03651118472913e-296,0.282894884268358,0.487,0.374,2.14858403482501e-292
"RPA2",0,0.282379696143213,0.409,0.253,0
"SYNGR1",0,0.282223552316121,0.226,0.105,0
"FCRL3",0,0.281918031590024,0.246,0.07,0
"HNRNPU",0,0.281136124911216,0.916,0.892,0
"ABCF1",1.20397280774856e-264,0.280244133064975,0.472,0.368,2.49571523318198e-260
"FNBP1",1.83709615441843e-282,0.279579194279444,0.716,0.663,3.80811661849396e-278
"ARHGAP25",0,0.279380624704352,0.405,0.27,0
"SYNRG",0,0.279363574769884,0.506,0.384,0
"MAP1LC3B",5.45627841780004e-302,0.279246907995862,0.615,0.524,1.13103195322577e-297
"IK",1.33257520462071e-264,0.278920185641191,0.671,0.611,2.76229514165826e-260
"TMIGD2",0,0.278561345992132,0.223,0.077,0
"TRANK1",0,0.277853940743802,0.307,0.155,0
"TXNIP",0,0.277496268535254,0.999,0.983,0
"TPR",8.53352373021557e-207,0.277389331332555,0.681,0.64,1.76891413403639e-202
"SERF2",0,0.277191251000338,0.998,0.992,0
"CELF2",1.77822045835681e-288,0.276887764578923,0.773,0.741,3.68607318812783e-284
"ADRB2",0,0.276877049489928,0.23,0.06,0
"MAP2K2",0,0.276740873869879,0.562,0.459,0
"LINC00623",0,0.27602444889064,0.391,0.234,0
"RGS3",0,0.275851520392679,0.235,0.059,0
"DDX17",0,0.2756612310793,0.88,0.854,0
"TMED9",0,0.275574213420476,0.498,0.363,0
"MANF",0,0.275086140256393,0.369,0.221,0
"SELENOK",0,0.274479799107541,0.571,0.46,0
"DNAJB6",0,0.27404484525565,0.584,0.48,0
"IL18R1",0,0.273518489171541,0.193,0.046,0
"SMC3",2.64666294580398e-201,0.273170898333549,0.48,0.396,5.48626762035708e-197
"YPEL3",4.11394381055632e-273,0.273106948721965,0.654,0.581,8.5277941249022e-269
"RNF165",0,0.273082164599514,0.174,0.005,0
"BSG",0,0.272462155744394,0.489,0.366,0
"RBM25",4.57215221381239e-273,0.272292759469946,0.764,0.731,9.47761432401171e-269
"MT2A",0,0.272244101182753,0.62,0.501,0
"TMX4",0,0.271497692280131,0.437,0.308,0
"TGFBR1",0,0.271463256173354,0.282,0.127,0
"MAN1A1",0,0.270994341880137,0.305,0.15,0
"VAMP2",0,0.270912828770464,0.685,0.599,0
"RBM38",0,0.270882941766769,0.401,0.256,0
"SYAP1",7.74691370709542e-263,0.270706711353287,0.393,0.29,1.60585774234381e-258
"NAP1L4",8.14062077885915e-275,0.270015501452462,0.521,0.416,1.68746928124971e-270
"LMAN2",0,0.269973758253302,0.528,0.417,0
"SASH3",0,0.269586005177222,0.405,0.267,0
"RNF115",0,0.268344004466456,0.394,0.264,0
"TRAPPC1",6.65106675260929e-291,0.267251071719541,0.651,0.579,1.37869962714838e-286
"JAKMIP2",0,0.266898966127172,0.188,0.033,0
"SAR1A",0,0.266614825061792,0.406,0.272,0
"B3GNT7",0,0.265667314939906,0.158,0.006,0
"RFTN1",0,0.265646806631868,0.296,0.147,0
"BHLHE40",0,0.26536181335751,0.335,0.186,0
"PTGER2",0,0.264305174036177,0.394,0.231,0
"SF3B1",2.02205580971554e-280,0.263877085429517,0.742,0.7,4.19151948795935e-276
"BDP1",1.6365668637396e-181,0.263762316229338,0.523,0.449,3.39243945184582e-177
"RNPS1",3.68839097184596e-262,0.262729986711039,0.536,0.442,7.6456656455395e-258
"PITPNC1",0,0.262414620755098,0.367,0.221,0
"MVD",0,0.262257295605625,0.257,0.104,0
"TROVE2",0,0.261863698527794,0.423,0.305,0
"POLR2B",0,0.261225518718088,0.454,0.33,0
"ACAA2",0,0.260968810738182,0.325,0.189,0
"UFC1",2.7062192429038e-222,0.260863375251245,0.596,0.527,5.60972186861528e-218
"SBK1",0,0.260757411881122,0.222,0.06,0
"CARD11",0,0.260120699389901,0.258,0.095,0
"RAMP1",0,0.259897891675772,0.153,0.007,0
"ACAP1",1.28995466484295e-303,0.259199094487212,0.613,0.495,2.67394702475294e-299
"CD69",0,0.258767056035338,0.593,0.415,0
"SSR4",0,0.258624457096033,0.853,0.831,0
"CCDC186",2.43960588057712e-281,0.258536700606223,0.421,0.305,5.05705902984831e-277
"SRSF3",5.46496038979352e-289,0.258517071051207,0.797,0.763,1.1328316392003e-284
"GATAD2A",0,0.258351125319102,0.409,0.281,0
"ENPP4",0,0.25800952688312,0.211,0.054,0
"RAB27A",0,0.257931680533028,0.467,0.321,0
"APBB1IP",2.07664121144803e-247,0.25791854260226,0.656,0.593,4.30466956721062e-243
"SSR2",0,0.257714112502993,0.806,0.768,0
"ITCH",0,0.257420976098237,0.359,0.234,0
"CCDC12",1.80697399256846e-305,0.257183862593242,0.536,0.424,3.74567638919515e-301
"SLTM",2.24012835569136e-173,0.256827116261549,0.579,0.52,4.64356206851263e-169
"SACM1L",0,0.256507866124777,0.312,0.17,0
"RAP1GAP2",0,0.255679608341498,0.266,0.117,0
"MNAT1",0,0.255644137311817,0.301,0.158,0
"HNRNPR",1.68942181903724e-211,0.255377897218104,0.654,0.607,3.50200248868229e-207
"DDX24",0,0.255080571694824,0.803,0.736,0
"CCDC28B",0,0.254932146285099,0.222,0.069,0
"ZBTB1",7.52171857777548e-283,0.254627087906083,0.38,0.269,1.55917704398708e-278
"UHMK1",6.80530437622664e-260,0.254203243382572,0.458,0.353,1.41067154414802e-255
"COX8A",2.80618507623948e-305,0.253826655177009,0.801,0.756,5.81694104453681e-301
"SETX",1.71771805550646e-188,0.252845187678976,0.562,0.491,3.56065775725934e-184
"CYCS",3.59575516693384e-270,0.25171911479729,0.534,0.431,7.45364088553716e-266
"RSBN1L",1.03865297192884e-249,0.251707650441359,0.476,0.373,2.1530237455113e-245
"RASSF5",1.5195352708455e-270,0.251003130001882,0.49,0.383,3.14984466293563e-266
"ANP32E",3.86138398363019e-138,0.250976620066245,0.499,0.438,8.00426285966702e-134
"VPS37B",0,0.250661163382414,0.294,0.16,0
"SLC15A4",0,0.250439869861513,0.302,0.153,0
"NCOA7",0,0.250379633149319,0.396,0.275,0
"UCHL5",0,0.25035202257873,0.304,0.175,0
"UBXN11",0,-0.250436466154074,0.049,0.209,0
"VPS35",0,-0.250455983973937,0.265,0.424,0
"DICER1",0,-0.25062510711284,0.237,0.386,0
"TBXAS1",0,-0.250841949551429,0.123,0.247,0
"EAF2",0,-0.250919319677715,0.032,0.172,0
"MX1",9.71310877037259e-189,-0.251113265175559,0.19,0.29,2.01343031701053e-184
"UBE2R2",0,-0.251180393242657,0.261,0.406,0
"CARD19",0,-0.251664989848364,0.132,0.273,0
"DOK3",0,-0.252095341912365,0.009,0.166,0
"HIST1H2AC",0.325471177001911,-0.252611117164519,0.168,0.163,1
"SNX27",0,-0.25361416320113,0.099,0.255,0
"JMJD1C",0,-0.253771470762602,0.349,0.517,0
"C12orf57",4.05837943942399e-133,-0.253975560566901,0.575,0.631,8.41261473998198e-129
"SNHG25",0,-0.254080144502245,0.13,0.302,0
"MID1IP1",0,-0.254106634623412,0.04,0.191,0
"EIF3M",0,-0.254132392300856,0.441,0.63,0
"RHOQ",1.99974840577497e-269,-0.254516574845293,0.208,0.326,4.14527847033093e-265
"USP15",2.39205505575982e-166,-0.254822475054757,0.568,0.662,4.95849092508453e-162
"HHEX",0,-0.254946937535796,0.042,0.192,0
"CALHM6",0,-0.255071350715886,0.045,0.185,0
"LAP3",6.1433836287552e-208,-0.25507852049849,0.207,0.309,1.27346199240466e-203
"OAS1",0,-0.255762526670434,0.087,0.22,0
"DENND5A",0,-0.256318566651421,0.032,0.195,0
"AC096667.1",0,-0.256358968715329,0.008,0.162,0
"MSRB1",0,-0.256657153366505,0.077,0.219,0
"A1BG",0,-0.257043645197923,0.068,0.233,0
"ROGDI",0,-0.257393297657888,0.03,0.189,0
"FOXP1",1.36378054502706e-175,-0.258320418150915,0.545,0.642,2.82698069178659e-171
"YPEL2",0,-0.258524704110006,0.081,0.244,0
"PRKACA",0,-0.258668488448652,0.125,0.275,0
"INPP4B",0,-0.258679321257299,0.035,0.172,0
"HBEGF",0,-0.258824055309703,0.008,0.114,0
"RARA",0,-0.259321192693785,0.063,0.224,0
"SGTB",0,-0.259566137010743,0.051,0.222,0
"CD82",0,-0.260209372493072,0.024,0.175,0
"KCNQ1OT1",0,-0.260313772549825,0.043,0.202,0
"RAB10",0,-0.261418554986866,0.226,0.365,0
"NFAM1",0,-0.261421838939414,0.008,0.167,0
"OAZ2",0,-0.26155438071232,0.134,0.274,0
"GPBAR1",0,-0.26239633817713,0.009,0.156,0
"TLR8",0,-0.262591583539781,0.006,0.157,0
"CCNY",0,-0.262646249164422,0.223,0.37,0
"TOMM20",0,-0.263043797841733,0.582,0.76,0
"ZNF706",0,-0.263329875304577,0.389,0.57,0
"NFKB1",0,-0.263762130923876,0.189,0.342,0
"MT-ND3",0,-0.264225594356585,1,1,0
"LRRC75A",0,-0.264246800841315,0.141,0.28,0
"C20orf27",0,-0.264819449703675,0.087,0.25,0
"ZNF467",0,-0.264854066137121,0.017,0.177,0
"PLSCR1",2.61123091241411e-275,-0.264932528612099,0.172,0.289,5.4128205583432e-271
"MBOAT7",0,-0.265174833981516,0.056,0.213,0
"MARCKSL1",0,-0.266112092904953,0.119,0.264,0
"RNF19B",2.83501497751913e-269,-0.267605341511598,0.078,0.176,5.87670254689941e-265
"KIAA0930",0,-0.267923902156862,0.071,0.231,0
"BEST1",0,-0.268116466357133,0.025,0.181,0
"MBD2",0,-0.268228202928683,0.373,0.523,0
"AP2S1",2.45956338518705e-228,-0.268701463605951,0.47,0.565,5.09842894115424e-224
"MAML2",0,-0.268730842906486,0.115,0.283,0
"CEP170",0,-0.268741449001708,0.051,0.222,0
"CXCL16",0,-0.268860054766308,0.01,0.161,0
"ATP11A",0,-0.268892254496733,0.068,0.236,0
"RASGEF1B",0,-0.269346870236127,0.034,0.141,0
"RPS7",0,-0.269669969480978,1,1,0
"TPP1",1.19566682514077e-292,-0.26975077285594,0.261,0.387,2.47849776183431e-288
"LILRA1",0,-0.269924223986143,0.007,0.167,0
"CCR1",0,-0.269963344958991,0.028,0.164,0
"RSL1D1",0,-0.270157185162453,0.414,0.605,0
"CORO1B",0,-0.270175506837193,0.141,0.311,0
"PID1",0,-0.270794996195924,0.008,0.146,0
"PRKCD",0,-0.271142645309777,0.061,0.227,0
"FYB1",3.48751284383135e-220,-0.271384553290408,0.894,0.875,7.22926537397801e-216
"DGKA",0,-0.271726285873484,0.117,0.274,0
"CSTB",2.8789211907563e-274,-0.272127276233822,0.538,0.662,5.96771573631874e-270
"MEFV",0,-0.272505952824007,0.007,0.168,0
"USP3",0,-0.272791747773496,0.323,0.49,0
"CD300LF",0,-0.273561878340548,0.009,0.171,0
"RNASE2",0,-0.273855157155379,0.006,0.137,0
"STX7",2.49807729385114e-273,-0.274198849215853,0.219,0.34,5.17826442242403e-269
"SMCO4",0,-0.274442698905934,0.032,0.197,0
"EHBP1L1",0,-0.274507892763025,0.183,0.335,0
"MYC",0,-0.274532572982358,0.03,0.177,0
"EVI5",0,-0.274725095826278,0.018,0.184,0
"RNF149",3.82053414785531e-303,-0.274827791015761,0.272,0.404,7.91958523508927e-299
"RPL27",0,-0.275012493846609,1,0.999,0
"MEF2A",0,-0.275065855347125,0.147,0.318,0
"LPCAT2",0,-0.275172577721654,0.007,0.168,0
"ESD",0,-0.277694751472727,0.147,0.345,0
"CNN2",0,-0.27902633226252,0.331,0.535,0
"PTPRE",8.51391661374819e-16,-0.279317812874073,0.442,0.423,1.76484977486386e-11
"TLE3",0,-0.279684157106939,0.086,0.249,0
"SEMA4A",0,-0.279891985111296,0.008,0.177,0
"IFI44L",3.51441654021225e-223,-0.280300607559837,0.119,0.217,7.28503404620597e-219
"MYD88",0,-0.280371965975303,0.164,0.312,0
"RIPK2",3.08973608946093e-273,-0.281004324804623,0.119,0.227,6.40471393984355e-269
"CD1D",0,-0.282171538819932,0.01,0.176,0
"TMEM167A",0,-0.282607438728029,0.242,0.393,0
"RELT",0,-0.282875822342267,0.039,0.207,0
"MCTP1",0,-0.283565791777669,0.015,0.18,0
"EEF2",0,-0.28407793475348,0.906,0.963,0
"METTL9",1.48957049638548e-303,-0.284662596980335,0.366,0.498,3.08773068195747e-299
"EIF4EBP1",0,-0.285337874114047,0.066,0.243,0
"UBE2J1",0,-0.285597804437653,0.214,0.35,0
"PIK3IP1",8.13392784841693e-248,-0.285639025871086,0.28,0.394,1.68608190369834e-243
"KCNK6",0,-0.285799403449231,0.023,0.184,0
"SESN3",0,-0.286481307490581,0.065,0.234,0
"RPL27A",0,-0.287649439169805,1,1,0
"NFKB2",0,-0.288729869893112,0.108,0.26,0
"TREM1",0,-0.288962971682307,0.008,0.157,0
"GSTO1",0,-0.291277966151808,0.365,0.503,0
"HVCN1",0,-0.291874520243781,0.069,0.233,0
"SLC31A2",0,-0.291887840885995,0.018,0.179,0
"GDI2",0,-0.292426977242183,0.407,0.572,0
"ADAP2",0,-0.292620645722446,0.008,0.179,0
"MFSD1",0,-0.294111076272117,0.094,0.258,0
"ARMH1",0,-0.294454147669483,0.018,0.194,0
"ALKBH7",0,-0.295469510105117,0.262,0.465,0
"TMEM176A",0,-0.297202401514093,0.009,0.149,0
"LEPROT",0,-0.297211388710168,0.17,0.336,0
"RPL15",0,-0.297235501102779,1,1,0
"ODF3B",0,-0.297419719643011,0.032,0.203,0
"AQP3",0,-0.297712748978449,0.027,0.172,0
"SYPL1",0,-0.298468965129497,0.078,0.28,0
"IER2",1.96613145452871e-85,-0.299586101353355,0.822,0.7,4.07559389209255e-81
"CXCR4",3.41957390678133e-105,-0.299710065084995,0.632,0.695,7.08843475136703e-101
"SIRPB1",0,-0.300428769590465,0.008,0.183,0
"MAP4K4",0,-0.300870520722404,0.253,0.44,0
"ARRB2",2.11216936751322e-265,-0.300974222883698,0.439,0.548,4.37831588191816e-261
"FGD4",0,-0.301036094654466,0.009,0.182,0
"TCF7L2",0,-0.301076407114176,0.045,0.162,0
"OXNAD1",0,-0.301263700692122,0.133,0.266,0
"RPS24",0,-0.301435367939691,1,1,0
"RPL6",0,-0.301452203590834,1,1,0
"CSF2RA",0,-0.302666048998467,0.006,0.18,0
"HEBP2",0,-0.303013029450368,0.281,0.472,0
"SLC24A4",0,-0.304437970256582,0.008,0.179,0
"IER5",1.87985890768963e-242,-0.305624243035816,0.259,0.37,3.89675952974984e-238
"SWAP70",0,-0.305887287147782,0.063,0.208,0
"CAPZA2",0,-0.30609436720314,0.319,0.473,0
"MPP1",0,-0.306186079893414,0.048,0.197,0
"TNFRSF13C",0,-0.307160300956445,0.011,0.102,0
"MX2",0,-0.30734102391025,0.157,0.325,0
"LACTB",0,-0.30812155763943,0.094,0.266,0
"RETN",0,-0.3083638061537,0.005,0.123,0
"HSBP1",0,-0.309340345212696,0.23,0.377,0
"IRS2",0,-0.30972389365315,0.105,0.241,0
"EPB41L3",0,-0.30989016035181,0.009,0.182,0
"RPSA",7.67790638960084e-187,-0.310788454894106,0.999,0.991,1.59155321550036e-182
"UNC93B1",0,-0.310985737320297,0.068,0.249,0
"PABPC4",0,-0.310986027481774,0.17,0.374,0
"ATG3",0,-0.311693941146919,0.227,0.391,0
"CMTM7",0,-0.311993783622057,0.052,0.266,0
"GNB4",0,-0.312319564077402,0.018,0.206,0
"STMN3",0,-0.312579874082487,0.053,0.237,0
"BLVRA",0,-0.313671111811506,0.102,0.271,0
"GRB2",0,-0.314111241624172,0.52,0.659,0
"SNHG7",0,-0.314224935230594,0.2,0.393,0
"RBM47",0,-0.314291470855249,0.008,0.189,0
"SLC15A3",0,-0.314467341674013,0.01,0.195,0
"RBPJ",0,-0.315747991684276,0.22,0.407,0
"RPS27A",0,-0.31656304793682,1,1,0
"PHACTR1",0,-0.31743602580461,0.016,0.172,0
"SARAF",1.1801162280296e-233,-0.317685033427467,0.855,0.888,2.44626292908256e-229
"TMEM170B",0,-0.317748270286586,0.019,0.194,0
"JDP2",0,-0.318389373023139,0.01,0.181,0
"NOTCH2",0,-0.318405939831118,0.117,0.291,0
"ASAP1",0,-0.318645502682865,0.127,0.308,0
"KCNE3",0,-0.320410425613573,0.01,0.19,0
"ADGRE2",0,-0.320561234704376,0.013,0.186,0
"PFKFB3",0,-0.320644444452249,0.036,0.162,0
"SECTM1",0,-0.320881814221116,0.013,0.192,0
"FKBP5",0,-0.321874022433681,0.205,0.402,0
"TFEC",0,-0.322062722625394,0.012,0.19,0
"ATP6V1B2",0,-0.322431029745377,0.092,0.268,0
"CALM2",1.03706709145671e-223,-0.322755595982543,0.852,0.887,2.14973637388062e-219
"OTUD1",0,-0.323537865505771,0.062,0.231,0
"SMAP2",0,-0.323955128592873,0.633,0.777,0
"RNH1",0,-0.324879605928285,0.33,0.496,0
"EIF3L",0,-0.325346492885559,0.496,0.697,0
"LYN",2.51869364309736e-44,-0.3254158591882,0.443,0.437,5.22100005277652e-40
"STX11",0,-0.327305331453063,0.083,0.237,0
"ICAM1",0,-0.328366377107342,0.034,0.161,0
"FAM198B",0,-0.330044005215299,0.01,0.184,0
"AQP9",0,-0.330378216709242,0.012,0.137,0
"NAAA",0,-0.330481950195835,0.158,0.333,0
"BTG2",1.02812924662277e-204,-0.330806151884796,0.548,0.655,2.13120911532433e-200
"RPL24",0,-0.332385754807143,1,0.999,0
"TCF4",6.37834547856042e-299,-0.334632830435084,0.062,0.164,1.32216723425079e-294
"WASHC4",0,-0.335665963779307,0.153,0.349,0
"LILRB1",0,-0.335912071032342,0.105,0.261,0
"CD79B",2.55308977262457e-28,-0.336492766819112,0.174,0.196,5.29229978967347e-24
"CD33",0,-0.336877972109181,0.013,0.207,0
"SNX18",0,-0.337386970634987,0.112,0.252,0
"AC245014.3",0,-0.337898007810238,0.094,0.232,0
"PLEC",0,-0.338055920125307,0.137,0.337,0
"FAU",0,-0.338373018338261,1,1,0
"DDX21",0,-0.339175541797478,0.467,0.645,0
"IRF8",0,-0.339256523030912,0.119,0.241,0
"CIITA",0,-0.339948912884418,0.024,0.209,0
"ZYX",0,-0.341248789149087,0.25,0.409,0
"SOX4",3.57802039954051e-307,-0.341430944232763,0.087,0.199,7.41687848620752e-303
"NABP1",0,-0.342238231803655,0.105,0.26,0
"PRDX1",0,-0.342966077903211,0.318,0.548,0
"RPS19",0,-0.343628717546614,1,1,0
"AC103591.3",0,-0.34380505976969,0.114,0.236,0
"TLR4",0,-0.343952443058691,0.01,0.195,0
"SIRPA",0,-0.3439567547067,0.012,0.198,0
"MCUB",0,-0.344654290826438,0.209,0.447,0
"ANPEP",0,-0.344793464066094,0.01,0.181,0
"CD163",0,-0.346066357396852,0.008,0.181,0
"ERP29",0,-0.346269654556934,0.627,0.82,0
"PLXNC1",0,-0.34773669261381,0.047,0.239,0
"KYNU",0,-0.347949426424894,0.011,0.204,0
"PYGL",0,-0.348364781345478,0.01,0.199,0
"SNX10",0,-0.34847568706096,0.16,0.33,0
"CASP1",0,-0.349475971145262,0.301,0.44,0
"BID",1.40766651539479e-302,-0.351457872945372,0.262,0.383,2.91795191976186e-298
"AHR",0,-0.351838079485661,0.033,0.204,0
"FGD2",0,-0.353356177054208,0.021,0.223,0
"UBA52",0,-0.354235946363489,1,1,0
"PAG1",0,-0.354419868568686,0.145,0.346,0
"CNPY3",0,-0.354763324312974,0.313,0.483,0
"CREB5",0,-0.355348161859925,0.01,0.19,0
"CKAP4",0,-0.355630208615462,0.015,0.205,0
"TRAT1",0,-0.355689922261325,0.032,0.209,0
"DPYSL2",0,-0.355707389446873,0.148,0.315,0
"CD84",0,-0.356452720905899,0.069,0.277,0
"PLXNB2",0,-0.356710161024323,0.014,0.219,0
"TOB1",0,-0.356936884040971,0.182,0.355,0
"EVI2A",0,-0.357389776827072,0.268,0.458,0
"LEPROTL1",0,-0.358069962464094,0.431,0.561,0
"CD86",0,-0.359245239636095,0.009,0.215,0
"OSCAR",0,-0.359904686133029,0.013,0.214,0
"CD52",0,-0.361924728491779,0.92,0.957,0
"IL13RA1",0,-0.361935538802313,0.012,0.205,0
"RPS15A",0,-0.3627231635862,1,1,0
"PPA1",0,-0.362869851188505,0.267,0.485,0
"HMOX1",0,-0.363805298123078,0.034,0.2,0
"LGALS9",0,-0.363834579692615,0.173,0.338,0
"UBE2D1",0,-0.363909846563359,0.117,0.3,0
"P2RY13",0,-0.364845126346564,0.009,0.19,0
"LYL1",0,-0.364906978281156,0.019,0.23,0
"CREG1",0,-0.365519698481815,0.035,0.237,0
"RTN3",0,-0.366017410748251,0.221,0.384,0
"RPL14",0,-0.366199729702313,1,1,0
"MGST1",0,-0.367664438449517,0.01,0.196,0
"CRTAP",0,-0.368399288502441,0.113,0.311,0
"HRH2",0,-0.368722623511707,0.01,0.222,0
"MT-ND2",0,-0.368787356295226,1,1,0
"S100A4",6.54381205697664e-40,-0.370057684530015,0.988,0.94,1.35646680129069e-35
"SERINC5",0,-0.370996669438992,0.047,0.276,0
"ANXA2",1.05732960676327e-143,-0.371042223107148,0.551,0.574,2.19173854185958e-139
"SLC2A6",0,-0.371596239262698,0.03,0.206,0
"RPL37A",0,-0.372070737385959,1,1,0
"NUMB",0,-0.373803084004561,0.151,0.348,0
"SYNGR2",0,-0.373873632588615,0.15,0.368,0
"ATP6V0B",0,-0.374109706124358,0.447,0.563,0
"KLF4",0,-0.37424485450809,0.015,0.205,0
"NACA",0,-0.374356079897815,1,1,0
"SNN",0,-0.375806752633654,0.021,0.23,0
"RPL41",0,-0.37604874595876,1,1,0
"CTSA",0,-0.37607889618738,0.153,0.319,0
"MT-ND1",0,-0.376415769504711,1,1,0
"BTK",0,-0.376650068117777,0.013,0.237,0
"GLIPR1",0,-0.376916110972744,0.4,0.525,0
"TRABD2A",0,-0.378448928748978,0.025,0.213,0
"SHTN1",0,-0.378636585223204,0.011,0.204,0
"NCF4",0,-0.378653150568452,0.023,0.249,0
"HNMT",0,-0.379779274046353,0.012,0.213,0
"TNFRSF1B",5.88150615357178e-73,-0.383477761818319,0.515,0.515,1.21917741057389e-68
"PTAFR",0,-0.384591481417201,0.012,0.194,0
"AC007952.4",0,-0.384833709056084,0.144,0.28,0
"DPYD",0,-0.384955571547736,0.175,0.36,0
"SLC2A3",7.88202968272674e-162,-0.385097966294274,0.335,0.422,1.63386593293243e-157
"ZFP36",1.32650630086014e-09,-0.385274987980134,0.662,0.636,2.74971491105299e-05
"IRF2BP2",0,-0.386738088889356,0.329,0.498,0
"PLK3",0,-0.38692672250263,0.027,0.232,0
"BCL6",0,-0.386957867090622,0.062,0.216,0
"KDM6B",0,-0.387133613340626,0.076,0.283,0
"LILRA2",0,-0.387363230940506,0.014,0.227,0
"SLC8A1",0,-0.390430802998827,0.009,0.216,0
"EEF1B2",0,-0.390466195391839,0.991,0.981,0
"ALOX5",0,-0.391346166852794,0.018,0.244,0
"GAPT",0,-0.392687115338096,0.014,0.222,0
"RPS27",0,-0.396580977811262,1,1,0
"SLC25A6",0,-0.396715955888647,0.861,0.946,0
"SLC25A37",0,-0.396836522671334,0.078,0.286,0
"GRINA",0,-0.39765226860809,0.088,0.288,0
"ATP2B1",0,-0.397781527364623,0.337,0.499,0
"BCL11A",0,-0.398619982377898,0.014,0.185,0
"LAPTM5",0,-0.400083264340671,0.833,0.899,0
"BNIP3L",0,-0.400160859722015,0.212,0.425,0
"NAGK",0,-0.401132716472414,0.135,0.336,0
"IL6R",0,-0.401983106212357,0.015,0.261,0
"ENTPD1",0,-0.401984305316795,0.016,0.226,0
"RACK1",0,-0.40301087273797,0.999,0.999,0
"ZNF385A",0,-0.403116291377024,0.021,0.24,0
"RPL4",0,-0.404428366993432,0.982,0.993,0
"PAK1",0,-0.404611969066122,0.07,0.28,0
"BST1",0,-0.40614275360081,0.011,0.215,0
"APP",0,-0.406804332541139,0.014,0.233,0
"PGD",0,-0.407313399342028,0.064,0.264,0
"SCIMP",0,-0.409483343448907,0.03,0.246,0
"SMIM25",0,-0.41046309763792,0.017,0.188,0
"ACTN1",0,-0.41119144784497,0.036,0.272,0
"PELI1",0,-0.411308989507209,0.046,0.237,0
"RPS26",1.85736292479715e-249,-0.412266508106276,0.994,0.989,3.85012760681201e-245
"PFDN5",0,-0.413695441974006,0.99,0.997,0
"SPINT2",0,-0.414425720869417,0.019,0.278,0
"CLEC4A",0,-0.416052114726033,0.016,0.241,0
"PRAM1",0,-0.416523238548469,0.022,0.241,0
"GPX4",0,-0.418672651251695,0.59,0.779,0
"TUBA1A",0,-0.420829913367846,0.352,0.502,0
"MXD1",0,-0.42381713378064,0.158,0.293,0
"IL6ST",0,-0.424008653547746,0.061,0.294,0
"RNF144B",0,-0.42465446775015,0.022,0.206,0
"TMEM14C",0,-0.426290031397104,0.089,0.371,0
"NFKBID",0,-0.427456318751546,0.064,0.248,0
"GRK3",0,-0.428893186602848,0.019,0.259,0
"RHOB",0,-0.430632044239754,0.05,0.218,0
"MYADM",0,-0.430653353107357,0.145,0.343,0
"RPS10",0,-0.431391939393855,0.998,0.996,0
"DAPP1",0,-0.431833610818062,0.035,0.265,0
"C6orf48",0,-0.434083819816853,0.417,0.636,0
"RXRA",0,-0.434263532166994,0.066,0.277,0
"IL1RN",0,-0.435341510560026,0.014,0.132,0
"MEGF9",0,-0.437505679088833,0.137,0.301,0
"GNAQ",0,-0.438966059036697,0.078,0.321,0
"BACH1",0,-0.440429494260211,0.168,0.349,0
"CYP1B1",0,-0.440528078125736,0.011,0.165,0
"CAMK4",0,-0.441618752416749,0.036,0.254,0
"C9orf72",0,-0.444639012752196,0.056,0.298,0
"BASP1",0,-0.444809395717029,0.014,0.219,0
"RPL10A",0,-0.44653293674097,0.999,0.997,0
"CD55",0,-0.447266861708249,0.29,0.507,0
"WARS",0,-0.447574159347056,0.096,0.285,0
"RPL26",0,-0.448540619888752,1,1,0
"RASSF2",0,-0.449887470048643,0.048,0.299,0
"CD37",0,-0.45100468028327,0.821,0.896,0
"SULF2",0,-0.451112829718181,0.058,0.312,0
"C4orf48",0,-0.451128887682563,0.141,0.414,0
"RPS15",0,-0.453862771842715,1,1,0
"LY96",0,-0.455222152476365,0.022,0.276,0
"ASGR1",0,-0.456755869251642,0.014,0.239,0
"SCPEP1",0,-0.457218780402912,0.094,0.321,0
"RPS29",0,-0.45866976614992,1,1,0
"ZFAND5",0,-0.460943615878143,0.279,0.442,0
"SULT1A1",0,-0.461292755151516,0.044,0.27,0
"RPS4X",0,-0.461572859624626,1,1,0
"RPL29",0,-0.461594714806922,1,1,0
"CSF1R",0,-0.461809598417921,0.017,0.229,0
"C19orf38",0,-0.462196512681049,0.028,0.263,0
"RPS21",0,-0.463065702107524,1,0.999,0
"CLEC4E",0,-0.464109338005367,0.017,0.204,0
"IFITM3",5.6638708999849e-05,-0.464591610838375,0.4,0.348,1
"NAIP",0,-0.466471974985564,0.106,0.307,0
"RPL13A",0,-0.467402480547297,1,1,0
"ACSL1",0,-0.467889438211625,0.041,0.193,0
"PIM3",0,-0.467961261241232,0.163,0.357,0
"TPT1",0,-0.470847726105219,1,1,0
"CDA",0,-0.471121149661608,0.015,0.235,0
"NUP214",0,-0.47179663890739,0.188,0.389,0
"RPL10",0,-0.473015235221441,1,1,0
"RPL7",0,-0.47325263382644,1,0.999,0
"EMILIN2",0,-0.473686196957361,0.032,0.265,0
"SNX2",0,-0.476043736903931,0.191,0.443,0
"RPS17",0,-0.476103969098915,0.656,0.84,0
"SAMSN1",0,-0.476737925027631,0.205,0.336,0
"PPT1",0,-0.478636314467075,0.127,0.368,0
"F13A1",0,-0.4799219476365,0.016,0.165,0
"MAL",0,-0.480185074299174,0.024,0.235,0
"IL17RA",0,-0.481451214843415,0.101,0.339,0
"H2AFY",0,-0.48168850762982,0.414,0.582,0
"RNASE6",0,-0.483651270487648,0.025,0.261,0
"PYCARD",0,-0.483730710991541,0.442,0.545,0
"CD8B",0,-0.4845830299948,0.042,0.171,0
"RPL21",0,-0.487483203530378,1,1,0
"GLUL",0,-0.489081461007277,0.195,0.343,0
"PLXDC2",0,-0.490577092167099,0.065,0.276,0
"NCOA4",0,-0.490798766678347,0.292,0.445,0
"NOSIP",0,-0.492301736871845,0.336,0.478,0
"TLR2",0,-0.492591927625202,0.015,0.238,0
"OGFRL1",0,-0.493371958213621,0.159,0.356,0
"TNF",0,-0.493638586226307,0.03,0.129,0
"RPL37",0,-0.495520375379062,1,1,0
"CDKN1A",0,-0.496023197767557,0.03,0.224,0
"LILRA5",0,-0.49663777208017,0.016,0.243,0
"MAP3K1",0,-0.497180098052697,0.155,0.429,0
"RPS14",0,-0.50214640673923,1,1,0
"LIMS1",0,-0.503281713352874,0.232,0.412,0
"LEF1",0,-0.50990260852171,0.075,0.276,0
"ETS2",0,-0.510299977656536,0.038,0.248,0
"RPL19",0,-0.511577251995101,1,1,0
"RALGPS2",0,-0.512444932159674,0.068,0.173,0
"SLC43A2",0,-0.513021959835418,0.035,0.266,0
"RPL5",0,-0.515094796530836,1,0.999,0
"TMEM123",0,-0.516239930412929,0.399,0.691,0
"SERP1",0,-0.516326476519435,0.657,0.852,0
"TNFSF10",0,-0.516625454328772,0.214,0.387,0
"RILPL2",0,-0.517379551727877,0.162,0.414,0
"RPLP0",0,-0.517906755537164,0.992,0.991,0
"RBP7",0,-0.518904406989696,0.016,0.22,0
"CD27",0,-0.520295666470313,0.05,0.299,0
"PTGS2",0,-0.522537352871329,0.017,0.127,0
"BANK1",0,-0.527059440580559,0.015,0.117,0
"RPL36A",0,-0.529241201291081,0.926,0.972,0
"ADA2",0,-0.530740001388259,0.174,0.389,0
"RPS11",0,-0.531907324792468,1,1,0
"CAPG",0,-0.532012725354255,0.055,0.318,0
"RPL18",0,-0.533735803052681,1,1,0
"SNHG8",0,-0.534410217431189,0.387,0.636,0
"DUSP6",0,-0.534501747901893,0.07,0.227,0
"LMO2",0,-0.535285179478484,0.022,0.283,0
"S100A10",0,-0.5356146359326,0.879,0.882,0
"PKM",0,-0.536821358716461,0.34,0.579,0
"LRRC25",0,-0.536949789438004,0.019,0.263,0
"FKBP1A",0,-0.537387812275101,0.381,0.594,0
"RPS3A",0,-0.537420975000053,1,1,0
"RPS5",0,-0.539821137309582,0.998,0.99,0
"MCL1",0,-0.5418977404773,0.543,0.666,0
"OAZ1",0,-0.543826839850577,0.986,0.978,0
"FCGR2A",0,-0.544944869839517,0.056,0.282,0
"KLF10",0,-0.545209470920324,0.148,0.338,0
"CCR7",0,-0.546124646434719,0.027,0.255,0
"LTA4H",0,-0.547066662063648,0.165,0.408,0
"NR4A1",0,-0.547335426601342,0.033,0.233,0
"HIF1A",0,-0.553149320226838,0.233,0.433,0
"BIRC3",0,-0.554045997680637,0.117,0.373,0
"RAB32",0,-0.555615625521557,0.024,0.283,0
"STXBP2",0,-0.556476224348918,0.237,0.401,0
"EIF3E",0,-0.557923832791545,0.794,0.934,0
"CHCHD10",0,-0.559204614909961,0.178,0.508,0
"FOSB",0,-0.561841849840416,0.044,0.235,0
"RPS20",0,-0.563696371012429,1,0.999,0
"KLF6",0,-0.566236906723867,0.625,0.712,0
"TMEM176B",0,-0.567090330426515,0.019,0.215,0
"RPL38",0,-0.567888515989847,1,1,0
"SLC7A7",0,-0.567912842369996,0.024,0.287,0
"EEF1A1",0,-0.570245885954114,1,1,0
"SDCBP",0,-0.57167635107622,0.346,0.554,0
"RPL35A",0,-0.573907842095873,1,1,0
"RPS6",0,-0.575503628005019,1,1,0
"TMEM154",0,-0.575617728116036,0.058,0.365,0
"RPS25",0,-0.577181378191382,1,1,0
"TIMP1",0,-0.578459055616922,0.306,0.498,0
"RPLP1",0,-0.583664174466614,1,1,0
"RAB31",0,-0.595290375813366,0.03,0.3,0
"RPL22",0,-0.599222617668949,0.999,0.999,0
"CD93",0,-0.601020670888329,0.029,0.262,0
"C15orf48",2.35234949502095e-246,-0.602628367237635,0.03,0.106,4.87618526822892e-242
"RPLP2",0,-0.606258310606181,1,1,0
"RPL8",0,-0.608336302499149,0.999,1,0
"TNFAIP3",7.45234600483854e-51,-0.608880649475271,0.467,0.485,1.54479680334298e-46
"JUN",0,-0.608952277699236,0.299,0.484,0
"SOCS3",0,-0.610072332596189,0.067,0.313,0
"TIMP2",0,-0.610178978076714,0.024,0.307,0
"JUNB",0,-0.610688979074664,0.849,0.897,0
"LDHB",0,-0.612255015045117,0.579,0.681,0
"PLP2",0,-0.615506828571304,0.166,0.492,0
"TCF7",0,-0.618328806651386,0.228,0.437,0
"VSIR",0,-0.619654772162194,0.349,0.541,0
"TGFBI",0,-0.621263103269019,0.026,0.296,0
"LILRB3",0,-0.621567327695306,0.025,0.293,0
"RPS18",0,-0.622683973681739,1,1,0
"CD302",0,-0.62359823831056,0.029,0.301,0
"LY86",0,-0.624080958433448,0.024,0.328,0
"PABPC1",0,-0.625561430322547,0.942,0.985,0
"PDE4B",0,-0.628788748457019,0.089,0.349,0
"CPPED1",0,-0.629279575370434,0.065,0.327,0
"RPS23",0,-0.630597449686665,1,1,0
"RGS18",0,-0.632373371097516,0.022,0.222,0
"LRP1",0,-0.633809324641303,0.019,0.293,0
"RCAN3",0,-0.634687096023081,0.056,0.361,0
"ZFAS1",0,-0.635182133036921,0.668,0.897,0
"BLVRB",0,-0.635692771268945,0.132,0.364,0
"RPL36",0,-0.642617564344101,1,1,0
"RPS2",0,-0.643512480830222,1,1,0
"RPL9",0,-0.643659385221174,1,1,0
"PLEKHO1",0,-0.644681116283188,0.19,0.484,0
"RPL30",0,-0.645018162763888,1,1,0
"SGK1",0,-0.645520699187093,0.028,0.223,0
"RPL28",0,-0.647806455119261,1,1,0
"PECAM1",0,-0.649641469294428,0.115,0.367,0
"HCK",0,-0.655752826629771,0.025,0.31,0
"LRRK2",0,-0.656559231856467,0.027,0.288,0
"ALDH2",0,-0.656736665970845,0.028,0.299,0
"IRAK3",0,-0.657221238930022,0.037,0.298,0
"EREG",0,-0.658080168425765,0.017,0.115,0
"ZFP36L1",0,-0.660836701271636,0.519,0.654,0
"RPS28",0,-0.661174404889915,1,1,0
"IFNGR2",0,-0.663027350753861,0.033,0.344,0
"NINJ1",0,-0.664613723036968,0.134,0.353,0
"GPR183",0,-0.665485483355157,0.092,0.35,0
"CD300E",0,-0.665733076738563,0.03,0.275,0
"RPL12",0,-0.670065920320701,1,1,0
"PILRA",0,-0.670314781608046,0.026,0.307,0
"RPS16",0,-0.673858947423067,1,1,0
"CD4",0,-0.67463578759612,0.025,0.383,0
"GCA",0,-0.67675550615766,0.043,0.34,0
"ASAH1",0,-0.683367082293606,0.381,0.514,0
"RPL11",0,-0.685206980849304,1,1,0
"RNASET2",0,-0.686952374677387,0.372,0.697,0
"CCDC88A",0,-0.690406417816782,0.111,0.366,0
"RPL34",0,-0.693433319408917,1,1,0
"CD44",0,-0.697651509790493,0.496,0.77,0
"CEBPB",2.22895791360671e-183,-0.697807591233897,0.573,0.595,4.62040685911536e-179
"TALDO1",0,-0.698706229272619,0.392,0.59,0
"DMXL2",0,-0.698758128069267,0.038,0.301,0
"NAP1L1",0,-0.700058657965378,0.78,0.925,0
"RNF130",0,-0.705888788914293,0.179,0.418,0
"EVI2B",0,-0.710992834682543,0.565,0.77,0
"CD79A",0,-0.719419970748973,0.021,0.123,0
"RPS9",0,-0.721595693230061,1,1,0
"FPR1",0,-0.723575869201126,0.024,0.283,0
"EGR1",0,-0.726656719913963,0.049,0.215,0
"KCTD12",0,-0.72696816759744,0.031,0.305,0
"VMP1",0,-0.729336703119097,0.234,0.474,0
"RGS2",0,-0.745166626626748,0.254,0.38,0
"RPL13",0,-0.745269304399686,1,1,0
"RPL18A",0,-0.752708828613473,1,1,0
"CD83",0,-0.7609841097066,0.063,0.265,0
"MEF2C",0,-0.763905085268018,0.066,0.357,0
"PLBD1",0,-0.766027665380797,0.025,0.288,0
"NLRP3",0,-0.770785554238814,0.038,0.242,0
"YBX3",0,-0.771029027448977,0.07,0.408,0
"CTSB",0,-0.771732482712729,0.108,0.417,0
"RPL32",0,-0.771777798750992,1,1,0
"JCHAIN",5.86258515030639e-60,-0.777968688654362,0.068,0.104,1.21525527580701e-55
"IFI30",0,-0.784861465916562,0.022,0.256,0
"APOBEC3A",0,-0.785228480969325,0.039,0.235,0
"RPS12",0,-0.790541746545263,1,1,0
"MARCH1",0,-0.793821654970552,0.031,0.372,0
"RGS10",0,-0.794786374348369,0.22,0.594,0
"CTSH",0,-0.796286473561506,0.044,0.395,0
"TSPO",0,-0.798679887779822,0.683,0.747,0
"HLA-DMB",0,-0.800562145592441,0.074,0.372,0
"C5AR1",0,-0.80313673751592,0.027,0.282,0
"HLA-DMA",0,-0.807627732624682,0.108,0.4,0
"LILRB2",0,-0.808411170959352,0.035,0.326,0
"RPS8",0,-0.81043554123323,1,1,0
"SLC11A1",0,-0.810818284206472,0.052,0.321,0
"NPC2",0,-0.815184820315164,0.289,0.539,0
"MAFB",0,-0.821815177005332,0.035,0.255,0
"APLP2",0,-0.824839429973578,0.479,0.529,0
"TNFSF13B",0,-0.833068760365147,0.055,0.362,0
"CTSZ",0,-0.835605851376317,0.198,0.474,0
"RPL23",0,-0.839536158192138,0.998,0.999,0
"LGALS3",0,-0.844275362109586,0.189,0.43,0
"MS4A1",0,-0.844362034256931,0.029,0.122,0
"PLAUR",0,-0.846334987977827,0.038,0.287,0
"CFP",0,-0.846986944079446,0.034,0.36,0
"PPP1R15A",0,-0.853237723188331,0.25,0.42,0
"IGHA1",1.76750274615791e-27,-0.86098034684933,0.093,0.118,3.66385644251073e-23
"RPL39",0,-0.86101193172314,1,1,0
"CEBPD",7.3132525906104e-108,-0.872143363613769,0.42,0.419,1.51596412950763e-103
"LGALS2",0,-0.880006886064195,0.048,0.271,0
"RPS13",0,-0.880926484405184,1,1,0
"CD36",0,-0.881626885973956,0.032,0.315,0
"CLEC12A",0,-0.891674841364174,0.069,0.343,0
"POU2F2",0,-0.902506912809921,0.233,0.555,0
"CCL4L2",9.12941620231816e-36,-0.90683505946397,0.209,0.162,1.89243668457853e-31
"HBB",0.000155827366815185,-0.915455759420625,0.176,0.19,1
"MS4A7",0,-0.91785927444231,0.041,0.293,0
"CD3G",0,-0.918677345683498,0.147,0.508,0
"JAML",0,-0.938341763002776,0.061,0.456,0
"S100A6",0,-0.941758779231423,0.968,0.97,0
"IGSF6",0,-0.943777249497105,0.049,0.349,0
"CD68",0,-0.946724486953424,0.059,0.369,0
"ATP2B1-AS1",0,-0.958683927478184,0.193,0.402,0
"ANXA5",0,-0.962209746391567,0.241,0.576,0
"CLEC7A",0,-0.962363634412153,0.057,0.366,0
"S100A11",1.04883879158109e-306,-0.97071635446831,0.831,0.769,2.17413793106844e-302
"BCL2A1",0,-0.972372523179922,0.119,0.346,0
"THBS1",9.45990045056195e-204,-0.99723477050906,0.067,0.143,1.96094276439699e-199
"NRGN",0,-1.00748168620637,0.039,0.241,0
"IER3",0,-1.02242243650864,0.093,0.299,0
"HLA-DQA1",0,-1.03596194295436,0.051,0.285,0
"CD3D",0,-1.04298358238575,0.217,0.55,0
"FCGRT",0,-1.04737161256066,0.093,0.473,0
"NCF2",0,-1.0556427795452,0.064,0.386,0
"CSF3R",0,-1.0573687218671,0.056,0.347,0
"CPVL",0,-1.05867057730805,0.04,0.348,0
"HLA-DPB1",1.71208326902079e-237,-1.0737407333625,0.596,0.613,3.5489774083532e-233
"MPEG1",0,-1.07375905156951,0.051,0.388,0
"CCL3L1",1.72423592370484e-279,-1.08588285338867,0.101,0.201,3.57416864624777e-275
"SPI1",0,-1.09151375860525,0.071,0.413,0
"CSTA",0,-1.11123414989173,0.064,0.379,0
"TRAC",0,-1.11488041058133,0.15,0.482,0
"BRI3",0,-1.11853394543978,0.38,0.637,0
"AC020656.1",0,-1.1318899922689,0.081,0.317,0
"NCF1",0,-1.14103254344349,0.106,0.487,0
"FGL2",0,-1.15318966757208,0.301,0.438,0
"NEAT1",1.74718047266538e-27,-1.15727381966712,0.979,0.914,3.62173040178806e-23
"AP1S2",0,-1.16008381114073,0.288,0.548,0
"VIM",0,-1.16016870017751,0.902,0.974,0
"TKT",0,-1.18462500412261,0.436,0.646,0
"MS4A6A",0,-1.22317724281222,0.058,0.36,0
"GRN",0,-1.22934806611227,0.184,0.461,0
"DUSP1",0,-1.23162280372564,0.559,0.667,0
"PSAP",0,-1.23616616060158,0.64,0.634,0
"SOD2",0,-1.28018484619993,0.219,0.456,0
"HLA-DRB5",0,-1.29037896787852,0.137,0.435,0
"NFKBIZ",0,-1.29175003212166,0.22,0.518,0
"HLA-DPA1",0,-1.32166682191771,0.536,0.595,0
"SERPINA1",0,-1.32494300281121,0.071,0.389,0
"TYMP",0,-1.3281971824858,0.286,0.502,0
"CFD",0,-1.35685094376229,0.093,0.404,0
"CCL3",3.76739483153714e-97,-1.37539488905843,0.395,0.295,7.80943274629335e-93
"HLA-DQB1",0,-1.40740433249767,0.168,0.477,0
"MARCKS",0,-1.43389670760914,0.109,0.397,0
"CD14",0,-1.44465302845543,0.081,0.355,0
"NFKBIA",5.49087765360876e-70,-1.4510849572619,0.686,0.709,1.13820402881656e-65
"IGHM",8.14482426975538e-183,-1.45159076754432,0.083,0.157,1.68834062287759e-178
"TNFAIP2",0,-1.4696743844012,0.114,0.397,0
"CYBB",0,-1.48771161391237,0.106,0.456,0
"NAMPT",0,-1.48807283706474,0.201,0.456,0
"CXCL8",0,-1.50365136367745,0.108,0.225,0
"COTL1",0,-1.59080837873231,0.393,0.733,0
"S100A12",0,-1.61617280263886,0.096,0.343,0
"LTB",0,-1.63833844359176,0.519,0.678,0
"IGLC2",8.66783702858268e-29,-1.67254284545657,0.158,0.188,1.7967559376549e-24
"HLA-DRB1",0,-1.69802716966579,0.434,0.595,0
"IL7R",0,-1.75216699490411,0.327,0.552,0
"LST1",0,-1.75321850854254,0.289,0.55,0
"FTL",0,-1.78102230905894,0.998,0.999,0
"SAT1",0,-1.80282166000756,0.735,0.763,0
"FTH1",0,-1.82080912716178,0.998,0.998,0
"CD74",0,-1.90844324450784,0.802,0.778,0
"MNDA",0,-1.93138420147119,0.167,0.455,0
"CTSS",0,-2.02607987691603,0.788,0.769,0
"FOS",0,-2.04434215478991,0.461,0.576,0
"AIF1",0,-2.07537875042269,0.345,0.617,0
"G0S2",2.1045685513158e-270,-2.10096301559742,0.241,0.334,4.36256015002252e-266
"FCN1",0,-2.30478425186812,0.273,0.484,0
"IL1B",2.41860537044277e-74,-2.32632247145502,0.309,0.345,5.01352707239082e-70
"VCAN",0,-2.33257297408267,0.221,0.431,0
"CST3",0,-2.38807054115044,0.432,0.547,0
"IGKC",7.71282130535035e-07,-2.42919406679128,0.334,0.339,0.0159879072838607
"HLA-DRA",0,-2.6061089979489,0.517,0.646,0
"S100A8",0,-3.31161440808463,0.604,0.639,0
"LYZ",0,-3.46110517017752,0.786,0.767,0
"S100A9",0,-3.54742756078379,0.793,0.772,0
